Using backend: pytorch
kg_delete: 
   ID(a)  type(r)  ID(b)
0      2        1  69054
1      2        1  49068
2      2        1  52967
3      2        1  36901
4      2        1  36000
5      2        1   8629
6      2        1  51574
7      2        1  59936
8      2        1   8151
9      2        1  14865
The index of triples in kg for same head-tail/tail-head with Human_SL:  [332920, 6701, 6680, 493788, 6504, 6674, 494746, 1415011, 10342, 12360, 2109658, 16776, 735479, 22660, 25013, 25627, 35093, 1205267, 2059912, 379046, 766053, 66255, 67008, 74957, 75846, 2230947, 1130646, 735569, 81814, 81865, 81861, 81849, 81864, 81879, 81856, 666481, 81846, 81805, 81896, 81833, 81851, 81828, 81822, 81857, 83945, 405756, 101485, 728740, 101480, 1598295, 101474, 104976, 1341194, 111565, 2162204, 631282, 789309, 133122, 136532, 766051, 149084, 1283157, 2118582, 248152, 246903, 1168730, 581475, 160513, 160578, 160610, 160417, 160398, 160565, 160582, 160508, 160602, 160395, 160617, 160485, 160475, 160577, 160531, 160567, 160502, 160591, 167347, 983005, 169977, 172545, 172845, 636919, 1556213, 249150, 251565, 1415041, 199892, 202614, 204637, 204364, 204650, 206451, 206580, 207242, 209021, 215199, 216099, 216117, 216131, 216300, 216053, 216120, 216200, 216207, 215945, 1466725, 216102, 216319, 25179, 2100977, 216303, 2095592, 216013, 1222343, 216075, 215929, 216177, 216305, 216255, 215833, 215968, 1196581, 216103, 216241, 215831, 216285, 216017, 216082, 216176, 216331, 582429, 221134, 221211, 766124, 229542, 236633, 236860, 236986, 236947, 819559, 1415077, 1376541, 455000, 458048, 262130, 2231244, 2227741, 1252384, 304437, 312868, 312902, 315254, 2231199, 318809, 204515, 329232, 329629, 329604, 329640, 666426, 329618, 331309, 766009, 336415, 342446, 1549179, 350033, 350593, 1414928, 129247, 1149960, 1161912, 352887, 1597628, 2204625, 369013, 375566, 215870, 376647, 376655, 376667, 1932307, 379224, 379010, 1770275, 593565, 379237, 379103, 379168, 456277, 380008, 382907, 2230925, 387801, 387821, 390287, 379209, 400054, 2231390, 450916, 769054, 403392, 403766, 403684, 403752, 403758, 403791, 403779, 405786, 405618, 336509, 318784, 405887, 1116044, 405529, 405653, 405698, 671495, 1844587, 405899, 735506, 405730, 1588412, 405784, 1297140, 1252444, 1729067, 110491, 418202, 880842, 420568, 1893947, 2231213, 1549219, 420555, 666497, 426193, 426948, 1415043, 446920, 447262, 447381, 1895432, 452986, 456708, 666488, 458138, 458163, 458187, 458198, 457988, 458174, 458169, 458097, 461540, 2159379, 464873, 1465542, 405980, 468269, 468305, 468293, 468319, 468271, 469046, 192439, 470128, 470111, 472235, 472971, 478078, 478045, 1681161, 484566, 485044, 493674, 405594, 995511, 494798, 494902, 494879, 494889, 494827, 494719, 494834, 494805, 2100960, 495622, 495418, 495502, 495453, 495464, 495370, 2050594, 2050817, 1252455, 136541, 502041, 502135, 502111, 502104, 502145, 1844678, 502143, 502084, 502043, 501991, 502115, 728729, 504182, 1549240, 2101086, 506968, 506915, 506948, 506947, 506949, 506960, 454986, 1945916, 514870, 514821, 113085, 516482, 2050644, 2050798, 75875, 502292, 517749, 1365925, 405896, 1993110, 526747, 526691, 2231038, 535263, 1415090, 540783, 447429, 1322832, 542462, 542396, 542418, 542385, 977213, 548992, 2119620, 550636, 666364, 685808, 1720366, 2202199, 878091, 2020432, 204474, 2016427, 1717992, 587375, 587314, 587384, 218989, 590705, 1415008, 1762485, 601286, 2231182, 606872, 661946, 1376520, 450656, 1653845, 1678935, 631280, 1105042, 631283, 1111119, 685723, 1033746, 236913, 2231348, 307954, 636931, 636933, 75820, 519979, 1375230, 1287558, 636937, 2221496, 638438, 639683, 640688, 667185, 657236, 244393, 2021891, 1755293, 973604, 665596, 666414, 1074506, 2100777, 666375, 666422, 666372, 666512, 1376518, 455160, 2101018, 486824, 671697, 880958, 149823, 1457945, 676151, 632138, 683936, 586415, 2016441, 691810, 1201572, 636896, 1415000, 705821, 661938, 706322, 455138, 706851, 204591, 714443, 714446, 714243, 714447, 1491825, 729868, 729837, 298922, 735723, 735625, 735698, 735577, 735628, 735571, 735629, 493732, 735646, 735535, 735619, 735511, 6458, 735552, 735451, 735567, 735576, 735461, 735649, 322107, 735631, 1252366, 735589, 204497, 735666, 735508, 735741, 735605, 735727, 735614, 2227762, 739606, 741837, 1415098, 744962, 744963, 745547, 745346, 2231089, 456862, 746565, 748681, 748616, 748426, 982149, 752648, 405740, 426947, 752622, 712275, 752755, 2231310, 1548536, 752695, 753363, 210583, 754749, 757879, 757779, 2230963, 757859, 757701, 757808, 757832, 757791, 757815, 758301, 758314, 758302, 758279, 769057, 1414375, 1144760, 2199540, 2167200, 777775, 304324, 779489, 780593, 787865, 1252424, 790185, 1893334, 798057, 798062, 735688, 835283, 835279, 843902, 379043, 844232, 845505, 845529, 846342, 708332, 1295430, 1516135, 877811, 877996, 879175, 879199, 1415017, 1208491, 2231257, 912837, 912834, 454984, 14139, 735486, 1205680, 939974, 939916, 1595967, 757727, 2231356, 1414879, 944896, 945030, 945057, 945028, 947161, 949708, 661875, 1922615, 379161, 956302, 963862, 971502, 973424, 1415028, 1491339, 982976, 2231114, 1189010, 1168674, 1003917, 2171444, 1844672, 400673, 1036541, 455078, 1041944, 2101141, 1044219, 1044330, 1044140, 1044317, 1044421, 1046294, 631290, 1052694, 1052713, 1052745, 1052716, 1052740, 1052736, 1052711, 1052737, 1052715, 236873, 997648, 1073487, 1074578, 1923270, 636923, 246007, 1934943, 1882340, 1100044, 739821, 1102822, 1108976, 1109029, 735729, 1983901, 1846740, 1111077, 1111109, 409329, 409405, 1110988, 1868888, 1110963, 665378, 1111096, 739797, 1108191, 2076086, 1118123, 1939088, 1120673, 2016387, 1126508, 1127512, 1127472, 1131765, 405614, 1151060, 1151914, 1161886, 636908, 1567515, 1168756, 1168867, 1168864, 1168870, 1168865, 1168860, 1168732, 2128474, 665586, 1179392, 1168801, 1195802, 1195779, 2229173, 941456, 1207265, 1208158, 1211860, 1220746, 1222368, 1222240, 1222310, 1223655, 1223665, 2231337, 636904, 1227862, 1240787, 876188, 2231268, 1343913, 1252147, 1252466, 1252502, 1252490, 1252472, 1252505, 12969, 317110, 222775, 739778, 1321001, 1253080, 1278068, 1283182, 1283183, 1283084, 1283051, 1283102, 1283201, 1283025, 2072553, 1283192, 1294328, 1115937, 1297204, 1297219, 1299368, 1578279, 1299355, 299725, 1299393, 1299323, 1310561, 75953, 377507, 1312646, 1882409, 490681, 1314281, 1314301, 1316646, 546784, 1549237, 1168700, 1318739, 1321100, 1168795, 2231203, 1324067, 1324066, 2231369, 1332139, 1333861, 1844613, 666471, 2231280, 2231212, 1343922, 751986, 1357722, 1074782, 1365916, 405722, 1373867, 1414914, 1376553, 1394511, 1406161, 1597821, 1406246, 1168839, 757810, 1409272, 1409336, 1411944, 2230928, 1412624, 1415006, 1415034, 1414946, 983063, 1414957, 1414939, 1647488, 1414899, 1415047, 1415100, 1414984, 1466715, 1415094, 1414886, 1415059, 1414991, 1415097, 1414977, 1414975, 1414938, 1415032, 1647352, 1415079, 1415052, 1414900, 1415078, 344725, 1415067, 851524, 1414949, 1415095, 1414936, 1415002, 1127394, 1420979, 1549120, 399413, 1456880, 1456899, 1597810, 1414962, 1671410, 1465540, 1466468, 1466505, 1474919, 1476708, 1345940, 1491318, 1500159, 1190660, 1748565, 1610812, 1664169, 1549244, 236897, 1111101, 771062, 1415019, 21008, 1557134, 1718152, 350537, 1345113, 1590241, 1591484, 1597627, 1597928, 1597817, 1597679, 1041946, 1597850, 1597676, 1597855, 1597736, 1597888, 1597639, 1597867, 1597719, 1099866, 1597819, 1597750, 1597931, 1597859, 1597698, 1597760, 2055401, 1597847, 1597667, 1598192, 1598305, 236925, 1414993, 1610811, 1612829, 1612792, 1597647, 1343749, 1642503, 329834, 1640332, 1640338, 1641224, 1597932, 407191, 1646977, 1647632, 1653875, 1653919, 1654029, 1654040, 1347462, 1654113, 1654056, 1109537, 1654015, 2059905, 2059967, 1156833, 1653978, 1653969, 791238, 1653876, 1654111, 636614, 1653934, 104614, 149056, 1368917, 1668734, 1567936, 1671371, 666472, 1671452, 1671474, 1671348, 2230948, 1671422, 978342, 1671392, 1609570, 1671129, 1671330, 1674469, 1678967, 1683301, 1683827, 1683747, 1683320, 1683248, 1683667, 1683308, 1683647, 1683479, 666411, 1683558, 1683877, 1686616, 454940, 1693501, 1698527, 1698574, 1108194, 1712285, 1714202, 1718162, 1718124, 1771538, 160626, 1718037, 1718056, 1718125, 1414932, 2231206, 733055, 1725103, 542504, 1726446, 1726516, 666373, 1726429, 1726450, 1728526, 1220822, 1729086, 1729170, 405895, 1868987, 399999, 1732895, 1252422, 1736932, 1746431, 1746446, 1746433, 1671273, 2231071, 1746405, 1750920, 735528, 1597925, 1253477, 672750, 1597689, 405997, 1611601, 1770233, 1771397, 1771580, 1771432, 1771536, 1771450, 1771542, 81877, 1771552, 1771423, 299731, 405613, 405576, 1841997, 1846442, 454981, 1846410, 1846721, 405773, 351106, 1863102, 1863098, 495223, 1863105, 944898, 1865784, 1866286, 1177849, 593576, 864497, 1724250, 752754, 1415022, 1111110, 1896142, 1896140, 1900126, 1900193, 250146, 1597629, 1903265, 754400, 1935165, 1935123, 1935227, 1844668, 1935218, 1935214, 1935167, 1935091, 1935016, 666529, 1936788, 1283035, 1945906, 735635, 193026, 739818, 1637088, 1983111, 1985738, 2132021, 1985670, 1642496, 638505, 1376550, 2101054, 455134, 1988676, 2231101, 1988698, 1988690, 1988692, 1988626, 2100880, 1990107, 378371, 1990097, 1990128, 100177, 1205480, 1993161, 1993184, 542500, 405687, 1414974, 877986, 242993, 2012516, 1597893, 2015328, 2016406, 2016464, 2016274, 2016493, 2016479, 1657589, 463251, 2206719, 2141058, 1377368, 2019202, 1698538, 1771535, 329595, 843824, 734174, 405572, 160431, 2021343, 2023361, 2023355, 2012046, 2028511, 2028528, 666523, 1299362, 2056617, 2126611, 216004, 2060038, 2075775, 2059959, 2060031, 2060045, 2105876, 2060049, 2060105, 2060114, 2060116, 2060065, 2060157, 2059992, 2060076, 2060103, 2060041, 1096938, 2206937, 526546, 2059794, 739735, 2076102, 2089199, 2098145, 2099234, 455143, 2230921, 378365, 2101096, 661951, 2099331, 2101036, 2100952, 2100767, 2100717, 1896002, 514676, 953028, 2098420, 426378, 2100702, 2100941, 2101052, 2100846, 2100776, 2100959, 2101014, 2103981, 865523, 2110495, 237439, 1610705, 2114065, 735662, 2115904, 2115912, 2117734, 2119650, 2124077, 666451, 2126675, 2126678, 2126676, 2126734, 2126746, 2126752, 941349, 2126679, 2126710, 2126727, 2126713, 2126725, 2128685, 14065, 2128996, 2128994, 2128881, 1771520, 1991649, 2132378, 2132231, 2134304, 2136653, 2136534, 2141876, 733550, 2145524, 2146193, 250675, 2160428, 2162225, 2100962, 787914, 2162923, 2163179, 2163305, 2162658, 2162695, 2162945, 378359, 1365931, 1465544, 264701, 2167195, 2170653, 2174666, 2177728, 2178563, 2178437, 2180671, 2184744, 2187693, 2187790, 2187759, 2188091, 2188115, 2188031, 2188118, 638418, 2190617, 1168675, 2192795, 2193983, 766107, 1168694, 2204432, 2206722, 1376514, 787732, 661907, 2100986, 2209327, 2209529, 1415016, 2212442, 666464, 2216271, 484476, 2227687, 405933, 1205320, 2228901, 2229493, 2231262, 1115996, 691925, 2231299, 2231082, 2230941, 2231272, 1568680, 1925847, 2126732, 1111128, 2231365, 1361640, 959140, 1993727, 729861, 2231152, 2231314, 2231235, 2016324, 2016455, 2231123, 941549, 685093, 2231344, 876056]
Its length: 1251
Read Human_SL:
   gene_a.identifier  gene_b.identifier
0                  3              96301
1                  3              75430
2                  3              17690
3                  3              33598
4                  3              41444
5                 17              60516
6                 17              28302
7                 17               9929
8                 17              30202
9                 28              96301
The human_sl pairs: 36612
The human_sl genes: 10103
The number of genes in SL pairs not in kg: 98
The number of rows in Human_SL to delete (not in the kg):  210
Human_SL length after deleting rows not in kg: 36402
The number of genes for reindex:  10004
human_sl after single reindex:
   gene_a.identifier  gene_b.identifier  gene_a.reindex  gene_b.reindex
0                  3              96301             1.0          9567.0
1                  3              75430             1.0          3078.0
2                  3              17690             1.0          5456.0
3                  3              33598             1.0           265.0
4                  3              41444             1.0          2702.0
5                 17              60516             7.0          8627.0
6                 17              28302             7.0          8801.0
7                 17               9929             7.0          3088.0
8                 17              30202             7.0          9391.0
9                 28              96301            13.0          9567.0
Graph(num_nodes=10004, num_edges=36402,
      ndata_schemes={}
      edata_schemes={})
Begin to sample negative SL pairs...
neg_eids lens:  36402
neg_idx;  36402
The len of human_sl positive + negative pairs:  72804
Human_sl after add nagative samples (origin identifiers):
   gene_a.identifier  gene_b.identifier  type
0                  3              96301     1
1                  3              75430     1
2                  3              17690     1
3                  3              33598     1
4                  3              41444     1
5                 17              60516     1
6                 17              28302     1
7                 17               9929     1
8                 17              30202     1
9                 28              96301     1
The number of entities in kg and human_sl:  54012
Final ke_delete:
   ID(a)  type(r)  ID(b)
0      1        1  38679
1      1        1  27506
2      1        1  29681
3      1        1  20683
4      1        1  20175
5      1        1   4858
6      1        1  28906
7      1        1  33572
8      1        1   4565
9      1        1   8343
The length of final ke_delete: 2231921
Final human_sl:
   gene_a.identifier  gene_b.identifier  type
0                  2              53953     1
1                  2              42265     1
2                  2               9918     1
3                  2              18835     1
4                  2              23210     1
5                 11              33908     1
6                 11              15869     1
7                 11               5605     1
8                 11              16908     1
9                 16              53953     1
